               #U(0.35) B(0.43) V(0.54) R(0.64) I(0.80) u(0.36) g(0.47) r(0.62) i(0.75) z(0.89) J(1.25) H(1.66) K(2.19) L(3.78)
  asassn14ha    0.039   0.033   0.025   0.020   0.014   0.038   0.030   0.021   0.015   0.011   0.006   0.004   0.003   0.001
  asassn14jb    0.071   0.059   0.045   0.035   0.025   0.069   0.054   0.037   0.028   0.021   0.012   0.007   0.005   0.003   
   iptf13bjx    0.055   0.046   0.035   0.028   0.019   0.054   0.042   0.029   0.022   0.016   0.009   0.006   0.004   0.002   
    ptf09cjq    0.293   0.245   0.185   0.147   0.102   0.286   0.223   0.154   0.115   0.085   0.048   0.030   0.020   0.010
    ptf10bgl    0.049   0.041   0.031   0.025   0.017   0.048   0.038   0.026   0.019   0.014   0.008   0.005   0.003   0.002
     sn1948b    1.488   1.245   0.941   0.744   0.517   1.455   1.134   0.784   0.583   0.434   0.243   0.154   0.104   0.05
     sn1970g    0.039   0.033   0.025   0.020   0.014   0.038   0.030   0.021   0.015   0.011   0.006   0.004   0.003   0.001  
     sn1983k    0.148   0.124   0.094   0.074   0.051   0.145   0.113   0.078   0.058   0.043   0.024   0.015   0.010   0.005
     sn1985g    0.082   0.068   0.052   0.041   0.028   0.080   0.062   0.043   0.032   0.024   0.013   0.008   0.006   0.003
    sn1992ba    0.254   0.212   0.160   0.127   0.088   0.248   0.193   0.134   0.099   0.074   0.041   0.026   0.018   0.009
     sn1994n    0.168   0.140   0.106   0.084   0.058   0.164   0.128   0.088   0.066   0.049   0.027   0.017   0.012   0.006      
    sn1996an    0.115   0.096   0.073   0.058   0.040   0.112   0.088   0.061   0.045   0.033   0.019   0.012   0.008   0.004
    sn1999bg    0.085   0.071   0.054   0.042   0.029   0.083   0.065   0.045   0.033   0.025   0.014   0.009   0.006   0.003
    sn1999br    0.103   0.086   0.065   0.051   0.036   0.100   0.078   0.054   0.040   0.030   0.017   0.011   0.007   0.004
    sn1999em    0.176   0.147   0.111   0.088   0.061   0.172   0.134   0.093   0.069   0.051   0.029   0.018   0.012   0.006   
    sn1999gi    0.072   0.060   0.046   0.036   0.025   0.071   0.055   0.038   0.028   0.021   0.012   0.007   0.005   0.003  
    sn1999gn    0.097   0.081   0.061   0.049   0.034   0.095   0.074   0.051   0.038   0.028   0.016   0.010   0.007   0.003
     sn2001x    0.173   0.144   0.109   0.086   0.060   0.169   0.132   0.091   0.068   0.050   0.028   0.018   0.012   0.006
    sn2002hh    1.484   1.242   0.939   0.743   0.515   1.451   1.131   0.782   0.581   0.432   0.243   0.154   0.103   0.052
     sn2003b    0.117   0.098   0.074   0.059   0.041   0.115   0.089   0.062   0.046   0.034   0.019   0.012   0.008   0.004
    sn2003gd    0.303   0.253   0.192   0.152   0.105   0.296   0.231   0.160   0.119   0.088   0.050   0.031   0.021   0.011
    sn2003hg    0.318   0.266   0.201   0.159   0.110   0.311   0.242   0.168   0.125   0.093   0.052   0.033   0.022   0.011
    sn2004dj    0.174   0.145   0.110   0.087   0.060   0.170   0.132   0.092   0.068   0.051   0.028   0.018   0.012   0.006
    sn2005au    0.063   0.050   0.038   0.031   0.022   0.060   0.044   0.032   0.024   0.017   0.010   0.007   0.004   0.002
    sn2005ay    0.092   0.077   0.059   0.046   0.032   0.090   0.070   0.049   0.036   0.027   0.015   0.010   0.006   0.003
    sn2005bp    0.180   0.143   0.110   0.089   0.064   0.171   0.126   0.091   0.069   0.049   0.030   0.019   0.012   0.005
    sn2005ci    0.140   0.117   0.089   0.070   0.049   0.137   0.107   0.074   0.055   0.041   0.023   0.015   0.010   0.005
    sn2005dp    0.050   0.042   0.032   0.025   0.017   0.049   0.038   0.026   0.020   0.015   0.008   0.005   0.003   0.002
    sn2005lw    0.213   0.178   0.135   0.107   0.074   0.208   0.162   0.112   0.083   0.062   0.035   0.022   0.015   0.008
     sn2005z    0.121   0.101   0.076   0.060   0.042   0.118   0.092   0.064   0.047   0.035   0.020   0.013   0.008   0.004
    sn2006be    0.127   0.106   0.080   0.063   0.044   0.124   0.097   0.067   0.050   0.037   0.021   0.013   0.009   0.004
    sn2006ca    1.011   0.846   0.639   0.506   0.351   0.989   0.770   0.533   0.396   0.295   0.165   0.105   0.070   0.036
    sn2006ee    0.264   0.221   0.167   0.132   0.092   0.258   0.201   0.139   0.103   0.077   0.043   0.027   0.018   0.009
    sn2007aa    0.114   0.096   0.072   0.057   0.040   0.112   0.087   0.060   0.045   0.033   0.019   0.012   0.008   0.004
    sn2007ah    1.073   0.898   0.679   0.537   0.373   1.050   0.818   0.566   0.421   0.313   0.176   0.111   0.075   0.038
    sn2007it    0.500   0.418   0.316   0.250   0.174   0.489   0.381   0.264   0.196   0.146   0.082   0.052   0.035   0.018
    sn2007oc    0.096   0.081   0.061   0.048   0.033   0.094   0.073   0.051   0.038   0.028   0.016   0.010   0.007   0.003
     sn2007q    0.092   0.077   0.058   0.046   0.032   0.090   0.070   0.049   0.036   0.027   0.015   0.010   0.006   0.003
    sn2008aw    0.176   0.147   0.111   0.088   0.061   0.172   0.134   0.093   0.069   0.051   0.029   0.018   0.012   0.006
    sn2008bk    0.085   0.071   0.054   0.042   0.029   0.083   0.065   0.045   0.033   0.025   0.014   0.009   0.006   0.003
    sn2008fq    0.275   0.230   0.174   0.137   0.095   0.269   0.209   0.145   0.108   0.080   0.045   0.028   0.019   0.010
    sn2008ij    0.259   0.217   0.164   0.130   0.090   0.253   0.197   0.137   0.101   0.075   0.042   0.027   0.018   0.009
    sn2009ib    0.129   0.108   0.082   0.065   0.045   0.126   0.099   0.068   0.051   0.038   0.021   0.013   0.009   0.005
    sn2009kr    0.316   0.264   0.200   0.158   0.110   0.309   0.241   0.167   0.124   0.092   0.052   0.033   0.022   0.011
    sn2009ls    0.162   0.129   0.099   0.080   0.058   0.154   0.113   0.082   0.062   0.044   0.027   0.017   0.011   0.005
    sn2009md    0.118   0.098   0.074   0.059   0.041   0.115   0.090   0.062   0.046   0.034   0.019   0.012   0.008   0.004
     sn2009n    0.091   0.076   0.057   0.045   0.031   0.089   0.069   0.048   0.035   0.026   0.015   0.009   0.006   0.003
     sn2010f    0.472   0.395   0.299   0.236   0.164   0.462   0.360   0.249   0.185   0.138   0.077   0.049   0.033   0.017
    sn2011cj    0.114   0.096   0.072   0.057   0.040   0.112   0.087   0.060   0.045   0.033   0.019   0.012   0.008   0.004
    sn2011cl    0.144   0.121   0.091   0.072   0.050   0.141   0.110   0.076   0.057   0.042   0.024   0.015   0.010   0.005
     sn2012a    0.138   0.116   0.087   0.069   0.048   0.135   0.105   0.073   0.054   0.040   0.023   0.014   0.010   0.005
    sn2012aw    0.120   0.101   0.076   0.060   0.042   0.118   0.092   0.063   0.047   0.035   0.020   0.012   0.008   0.004
    sn2012ec    0.115   0.096   0.073   0.058   0.040   0.112   0.088   0.061   0.045   0.033   0.019   0.012   0.008   0.004
    sn2013cf    0.071   0.059   0.045   0.035   0.025   0.069   0.054   0.037   0.028   0.021   0.012   0.007   0.005   0.002
    sn2013ej    0.302   0.252   0.191   0.151   0.105   0.295   0.230   0.159   0.118   0.088   0.049   0.031   0.021   0.011
    sn2014cy    0.239   0.200   0.151   0.120   0.083   0.234   0.182   0.126   0.094   0.070   0.039   0.025   0.017   0.008
    sn2015bs    0.223   0.186   0.141   0.111   0.077   0.218   0.170   0.117   0.087   0.065   0.036   0.023   0.016   0.008
   sn2016aqw    0.073   0.061   0.046   0.036   0.025   0.071   0.055   0.038   0.028   0.021   0.012   0.008   0.005   0.003
   sn2016bkv    0.065   0.055   0.041   0.033   0.023   0.064   0.050   0.034   0.026   0.019   0.011   0.007   0.005   0.002 
   sn2016esw    0.297   0.248   0.188   0.149   0.103   0.290   0.226   0.156   0.116   0.086   0.049   0.031   0.021   0.010
   sn2016gfy    0.356   0.298   0.225   0.178   0.124   0.349   0.272   0.188   0.140   0.104   0.058   0.037   0.025   0.013   